                0, 0, 177, 281, 354, 412, 458, 498, 532, 562, 589, 613, 636, 656, 675, 693,
                709, 725, 739, 753, 766, 779, 791, 802, 813, 824, 834, 843, 853, 862, 870, 879,
                887, 895, 902, 910, 917, 924, 931, 937, 944, 950, 956, 962, 968, 974, 980, 985,
                991, 996, 1001, 1006, 1011, 1016, 1021, 1025, 1030, 1035, 1039, 1043, 1048, 1052, 1056, 1060,
                1064, 1068, 1072, 1076, 1080, 1083, 1087, 1091, 1094, 1098, 1101, 1105, 1108, 1112, 1115, 1118,
                1121, 1124, 1128, 1131, 1134, 1137, 1140, 1143, 1146, 1149, 1151, 1154, 1157, 1160, 1163, 1165,
                1168, 1171, 1173, 1176, 1178, 1181, 1183, 1186, 1188, 1191, 1193, 1196, 1198, 1200, 1203, 1205,
                1207, 1210, 1212, 1214, 1216, 1219, 1221, 1223, 1225, 1227, 1229, 1231, 1233, 1236, 1238, 1240,
                1242, 1244, 1246, 1248, 1249, 1251, 1253, 1255, 1257, 1259, 1261, 1263, 1265, 1266, 1268, 1270,
                1272, 1274, 1275, 1277, 1279, 1281, 1282, 1284, 1286, 1287, 1289, 1291, 1292, 1294, 1296, 1297,
                1299, 1300, 1302, 1304, 1305, 1307, 1308, 1310, 1311, 1313, 1314, 1316, 1317, 1319, 1320, 1322,
                1323, 1325, 1326, 1327, 1329, 1330, 1332, 1333, 1335, 1336, 1337, 1339, 1340, 1341, 1343, 1344,
                1345, 1347, 1348, 1349, 1351, 1352, 1353, 1355, 1356, 1357, 1358, 1360, 1361, 1362, 1363, 1365,
                1366, 1367, 1368, 1370, 1371, 1372, 1373, 1374, 1376, 1377, 1378, 1379, 1380, 1381, 1383, 1384,
                1385, 1386, 1387, 1388, 1389, 1391, 1392, 1393, 1394, 1395, 1396, 1397, 1398, 1399, 1400, 1401,
                1403, 1404, 1405, 1406, 1407, 1408, 1409, 1410, 1411, 1412, 1413, 1414, 1415, 1416, 1417, 1418,
